%% orbita 1
% vector_r0: vettore posizione iniziale [km]
% vector_v0: vettore velocità iniziale [km/s]

vector_r0=[-5183.4184 6189.4459 4384.1737];
vector_v0=[-5.3130 -4.3350 0.2136];

%parametri
a=9.981107861028662e+03;
e=0.085954038784139;
i=0.493122943067556;
omega=0.742371315815495;
theta=5.949965840302177;
vettore eccentricità=[-0.024581614995223,0.073131114249658,0.037890382897713];
vettore_h=[2.011070863374000e+04;-2.192028669786000e+04;5.535464483070000e+04];
vettore_linea_nodi=[0.736867534384474,0.676037156353218,0];
w=1.197754125121354;


%% orbita 2
% vector_e: vettore eccentricità
% e: eccentricità
% a: semiasse maggiore [km]
% omega: ascensione retta del nodo ascendente [rad]
% i: inclinazione [rad]
% w: anomalia pericentro [rad]
% teta: anomalia reale [rad]

a=12610.0;
e=0.2656;
i=1.0430;
omega=1.8790;
w=2.4080;
teta=2.3880;
